$ANSIBLE_VAULT;1.1;AES256
31353035306264653234613130326238396633323437666231633536313264393362363266623430
6438346438383835666364616436643535633665383636610a313761383234633438326432623234
39623930343163656331663961356161653961666439363634633331616430643636383233393539
3338363730306462660a636136316232326266356463323338343438633735363137663566386232
31316332333738303164383464343438643662616235623135363264653331313564653330363530
34636435643933643734386532343662656233366530353831393462633064386366613365393564
62313935633239366463313631616137386562353265636638626132323639643133323063356335
38336266303238373633663937366338666231383339616635316531666161366332656366393537
32336165303338666330343239303862383762316332356466353338326535323762623262396637
33353433373461613163393265383662643664383937376564343030386533613433393534376131
39616366323530323632353934626133656666616263336331396536613339626362316562666664
32376530323133346437643362656632343830623832303332326639303863646238343837383633
36353863653463613666396238656638333539353362376161643735336533323933336134333635
37646235303435643030623231656339363537333265663031643762373565616439363063303765
64323632643337653463646235343537316632363362323134306235633865623630353838643534
63623631323238306561643930613465633830356231613933363639343139656137313461363239
63376264303461636462643230366536623834616164646664393666313238616337386435643961
64323930356139323831636232653264646639663330306666613262633562306535633261353861
35623864393564306430316135373730333435343439366662313733313135623562333939386639
66303661616237336338643163366361353661333539623764363164353136653162366234303230
64393833383335663461313066613135663434663839656630306635343138316566663038666337
63623661316530636636396465323838613634356532616334613336373232306465646665363534
62353130393962636530623333303337396138333433336563373234323730623366326631353035
30653334303166653935356564346436336265313266386564313464663435353236343366353163
62343836653664623030306561326362643332643665616238363135613732323132323763633433
66333761373562613832663734323431313531343766346261326536646365326334356166666339
63663330306331636565313531633737643463353135643561356230313935306639356535633035
65613434626435303238393164663066623065616337373031626539346438316636336537616637
37613462373930363135653063646635396535333964656332393434346365323534326435316438
32336332363062643232333430643136393632313466343765623138373165386533333063343363
66323736663761633434656236666530313336343831306530353739313863313230376461393866
37383032306663306138356464616339363235626637333064633564343463613637346236303930
3430
