$ANSIBLE_VAULT;1.1;AES256
38386339663330336633623362653835396532333062663434626631393263326233613232656166
3632373130636535626364313230393539343737393766630a356435316337336238616131363434
35623866363563663538666637666534636535636561626166653563326236396231346238646263
6334356139636538610a313962623766653865386463656434663332346333323535326537386536
66346236363530373435663235373535313537353033646336656537323538306366343338616264
61653031633937326632633139373266353466353362663637646262313961396433306465313861
33643662616433363936623232316636663132363734633331316130383364373262393931366562
33363030386261346165656562626462343839313733613438626361646339623130393137626639
34396163653732306330386134356137326230613036353832323031666236396563396463353739
38623635623834323437656436626138306166386164623661636463343135653162343761626332
32323234363663396636363836666130313132623636636530376139306630313962636137636532
30303039643635623862383465633166666562376639316462383732373665353139393734323461
34643662353636323031613938633138366161623633353966396465323737353061343337323166
35613034353138303431646262333734623936636336653139373930376332303439366366656365
38316565626538353938623735333331316266316365653238333566353434636439646165653433
33306633313461346634623464303534393764393462643539613336316361343533613934346137
34373938636161336465656161323733626530656334346532373966366361653836323935633437
31663864663435653530383963626666653233363932363931386633643436323966353766636664
34343532303063343062623430353233333162363965643765623731326463313363333335303635
34366532353861373337316663306230363430653764306366613165396364373536373838663863
37623734306334653661396334343265303861376636343962623130663836343964316430643035
66613534336165383938666131373463646363663539663666303163636261326337316332316436
31393661663962616437363936633833306335643161613732663333313333653763396263353533
66346362646236306563383436346166373838323963396463646239626362646334333636363463
35316565336530336235313665326230353863343064386337623233306239353538353634336666
39356632633834626261616366356230626461313862656432623134353063316664633361363830
64366464666166663364363363393636663337346336663861373930613539326336346137646634
34396437323433366361363835613065343161373164313761323930613566333239646535326130
32336362633864393134366531326366393637383534383763333833646434333234386132656638
30353631636638306134326562376635616536666263653163613161336436353932633666363733
64353863356331623163613139636561303935393838663834343538316362383764376465363165
31333130316665363135
