$ANSIBLE_VAULT;1.1;AES256
35346438366461653536353132323334316135626261383632366534336138363132663230356563
3739396562353236366335373562323638306539336361610a393765366434616431316266663436
32373835623332646338343863343361303538613562336365643062363934623164343330666636
6436623838326330370a616465303632373163383132313964366235363963623264363262326566
66633731303237646234346136616137326531396636623363386333653336616331626164376532
34633531363865393930653663343238393461336365303034353131633335376331366437356230
61613631323535326437333035313638383431353530383032383238643466353562623935373638
30643839363330613735626234316233326561346466313963643938346563326335656439353063
32623235633438323264333638376635666461326263343866356163643934623833653732313563
33656664383664313035643963396631643131323865386364363534656432373862646134323463
35373064376136343937316432643835653835613337663864353465306632343961326563643134
31653438633939656561353838376438316332346233653161646530306165336563653961643338
61626236303432643431663332653234663162373661386439303936353464363135323535636262
61373139346437613735663139323630363461303030616262326234366265326637613730323162
32653639393666383432613463636463663537393838356134323764393666316138643764366437
35386261633564373063653762326166646336373339653063343665313637333464363034326137
65616661306261653937616539396434356636643332336136326531623430396363666234353432
66663039646261666131643930396566653463313262303963626430363634356231386265623564
30396632373932613964613830323762306333393332313936383439346333616238623739656436
61376562326664363664653534313562343439613761363334323763383761633230306136316333
30656433303839386433623365386535633730653064363231366337393235643730393135363964
62306631636230653133313165653133613735636664313564353136643331366666333838326436
39626139373031653632626632373230306338303733303036373165393439353438373339373266
36666533383465643037323933613831313062333839633263636166656438393637333535366634
34383665313465626664616534633633353030343633383137643335346332336234306231383538
30386532636234656338636532616236383065343732636234366361636333316563343466653032
37366661383566306137613562633563653437383233333534383636386332303634373431663065
65626531653739383861363834323430656633656634663730383038323731646563616132633136
64316137633138386230646637383265316639373730646362633537653532613064353438363838
37306262653563383962376563346637343933366566643237353565623738383562623236356362
39646135643734643735326663383033356138626566633666383037656531376138353635613635
35343963336232376637613066663936313965386635303736643938653232303963383061616237
6466
